0.05473719
0.0025525002
0.12660904
-0.043443166
0.19492918
-0.039459173
0.038252287
-0.0039309445
0.045797616
0.106191605
0.055246335
0.1771883
0.14248508
-0.12492917
-0.15767576
-0.05501974
-0.047547977
0.046833407
-0.052300006
0.051490415
-0.06645815
-0.011787254
0.10420396
0.063998275
-0.038490754
-0.11544384
0.082673565
-0.021646935
-0.072739966
-0.051035054
0.003006987
-0.060690477
0.034838244
-0.07598642
-0.008535493
-0.12210982
0.1612234
-0.053811092
-0.008871652
-0.117326625
-0.14016017
0.14167278
-0.11889932
0.06351477
-0.108718425
0.15679288
-0.2279293
0.15264215
0.12703437
0.15541463
-0.0074441168
0.044308107
-0.10372673
-0.016741313
-0.05851545
-0.016389865
0.0074818414
-0.050462767
0.062050514
0.056962404
0.20972233
0.1963373
0.033918265
0.028882097
0.02721275
-0.011174578
-0.011846511
0.06713943
0.060119152
-0.036301672
-0.08775831
0.068162076
-0.08879548
-0.01026931
-0.1100822
-0.17958948
0.053759795
-0.016907636
-0.0025865429
-0.005960013
-0.12998661
0.0683951
0.096243985
-0.12890735
-0.0552258
0.11547573
-0.09773876
-0.050801676
0.13635427
0.09343267
0.094119586
-0.040474497
-0.09773985
-0.07796013
-0.034867387
-0.10376711
0.12456508
-0.08529526
-0.07442073
-0.013435226
0.06244767
0.11553652
0.019577885
0.011221508
0.13404858
-0.02573578
0.08812819
-0.20162572
0.0038428945
-0.009949257
-0.0030563446
0.0021792853
0.04600659
-0.028002499
0.078277566
0.049510404
-0.043548394
0.022452326
0.100576304
0.17171292
0.032484576
-0.08777907
-0.016029038
0.054616246
-0.03286044
-0.054486617
0.25646177
-0.039966125
0.1446136
-0.11642316
0.06907423
-0.097625285
0.06710683
0.048389073
-0.08504969
0.08803212
0.15700133
0.06736526
-0.033037663
0.02025654
-0.021006035
-0.061293285
-0.04404935
-0.04971085
0.054436713
0.12547898
0.040079188
-0.20451124
-0.08547628
0.06549327
0.08882545
0.012553152
0.124795556
-0.06287075
0.00878175
-0.12867795
-0.04060261
-0.07736801
-0.09289549
-0.12255883
-0.012888667
-0.13348594
-0.06659682
-0.07185486
0.03648854
0.05320161
-0.031119328
0.1113919
6.994838e-05
-0.0037416988
0.1711407
-0.00074214855
0.02273655
-0.07504799
0.14049892
-0.027749116
0.05420733
0.057547767
-0.0032904355
-0.17817803
-0.120104715
0.0407668
0.1279442
0.044199575
-0.17748655
-0.13576767
-0.11277961
0.020086134
-0.046595175
0.0151328305
0.13053529
-0.012433214
0.014609045
-0.00065347797
-0.04351751
-0.16336423
0.014467159
-0.11962717
-0.034289066
0.071296476
-0.01713013
0.05453636
-0.012415215
0.0140950205
-0.026743108
-0.045193374
0.022131382
-0.024952158
-0.12378898
-0.009979704
-0.058656137
0.051933527
-0.045218192
0.17457545
0.118695185
-0.21096924
-0.06949826
-0.002439026
0.02525321
-0.1100635
0.15908746
0.039556436
-0.0011955387
0.11472263
0.13680196
0.119997285
0.22146684
0.005381439
-0.005338051
-0.1070409
-0.035739016
0.09683705
-0.013929617
0.122897975
0.054749798
-0.10233711
-0.11250318
-0.054112677
-0.03563133
0.16220723
0.008375146
-0.024582768
-0.11325465
-0.04846742
-0.149428
0.13545781
-0.014188227
-0.13787863
0.10686134
0.049549546
-0.039340325
0.028572734
0.16487196
-0.024311814
0.22176665
0.007278421
0.17653307
0.0009111366
0.017862216
-0.12648942
-0.03901127
-0.012563056
-0.07825972
0.022998162
-0.08843368
-0.15339187
0.022176115
-0.1467265
0.01451866
-0.09732213
-0.07056269
0.22279863
0.082832344
0.038461998
-0.0526419
0.010202994
-0.21414895
0.0026724853
0.046448737
-0.068021275
0.13841793
-0.15919231
-0.0070794853
-0.007623873
0.1168377
0.027516978
-0.10347823
0.095712446
0.0070649786
-0.054131072
0.16141868
-0.0038435925
0.0808221
0.12157361
-0.06306585
-0.15620285
0.059995472
0.0069173914
0.008383181
0.0003152551
0.06128392
-0.062757984
0.19735055
-0.10697594
0.0690113
-0.0036330216
0.21582897
-0.10345641
-0.062736996
-0.11867343
0.103030555
-0.0065467805
-0.003458048
-0.04592448
-0.12116827
0.12476049
-0.10757666
0.048519947
-0.03006739
-0.100339286
0.014057089
-0.1852315
0.12236554
-0.010667324
0.19038664
-0.00884869
0.023656324
-0.04718568
-0.14163919
0.088258
-0.11569058
-0.060318395
-0.18502414
0.17400634
-0.011265559
-0.15927057
-0.10219034
-0.09832246
0.11698984
0.16251592
-0.0030083172
-0.007400565
-0.052879404
-0.23989442
-0.022120876
-0.00756654
0.005216403
0.13245231
0.0852732
0.11315831
-0.016706172
0.10802548
-0.07014002
-0.1173188
0.22769608
0.023669645
0.0073091444
0.17526175
-0.02169732
-0.2236995
0.1575769
-0.15225662
0.08339596
-0.077682495
-0.09414111
0.006447168
0.06692591
0.11398272
-0.09838832
-0.12064725
-0.06744201
-0.09774001
0.06576471
0.041846793
-0.089794055
-0.07305092
0.02359068
0.116661936
-0.048739076
0.05994575
-0.07470737
-0.046808124
-0.02120791
0.054956432
-0.084231324
0.056120783
0.097604886
-0.02805832
0.032379337
-0.03946105
0.020194266
-0.06074775
0.022191694
0.1745632
-0.1677213
-0.060846288
-0.09936831
0.11435153
-0.12753151
-0.11924547
-0.1929956
-0.1226258
0.13904867
0.09651207
0.14347687
-0.13797939
0.008471158
-0.11316892
0.045243584
0.018008856
0.15908411
0.07421701
0.10642078
-0.037631925
-0.0025426524
0.02881517
0.02369268
-0.0130409
0.1747205
-0.023577528
-0.011967997
-0.088683315
0.027999407
-0.06534234
0.01925647
-0.06525009
-0.21125506
-0.01975999
-0.06450148
0.13946396
-0.045267273
0.037274566
0.06238412
-0.16614869
0.04679673
-0.013815951
0.10326392
-0.0034587341
0.18089792
-0.1335203
-0.08502127
0.19372763
-0.1378385
0.045956384
-0.039699506
0.031834155
0.1699438
0.19118688
-0.00530446
0.05556001
0.19871102
-0.13743015
0.031131832
-0.106462814
0.19934458
0.11878045
0.11266464
0.067268334
-0.05431529
-0.05716647
-0.040260136
0.19389795
-0.08782336
0.13438249
0.10660438
-0.009500155
-0.091631465
-0.11844159
0.044637445
-0.024992133
-0.10270263
-0.0053791166
0.09114084
0.04351074
0.0146399
0.0124894185
0.037554633
-0.022954151
-0.031919405
0.015920604
-0.19841495
0.0028975059
-0.120223776
-0.09588166
0.037849296
0.06433165
0.07672855
0.021512019
0.007245932
-0.056580402
-0.11974253
0.115245044
0.014293431
0.1312348
-0.02879831
-0.06675009
-0.085772686
0.1379904
0.15804303
-0.0054765376
0.16036722
-0.081360735
-0.032279916
0.053875346
-0.023128673
0.09454501
-0.15172532
0.12606645
0.12075712
0.0784394
-0.04981686
-0.016359836
-0.00015179181
-0.053347513
-0.0852429
-0.07551091
0.022624737
-0.052311126
-0.039658107
-0.05865952
0.15418057
-0.060407456
-0.056047674
-0.022194916
0.14432359
-0.019311072
-0.10258962
0.0012157299
0.02436961
-0.042934813
-0.016875567
0.080756694
-0.079251274
-0.052329633
-0.12836178
-0.09675042
0.110081
0.058369145
0.14885277
-0.08404878
0.03849428
-0.028739152
0.108530596
0.09495608
-0.11198781
-0.06372003
-0.028196663
-0.047908265
0.16173379
0.06364317
-0.23582269
-0.047814243
0.14381881
-0.07126286
-0.09024482
0.040828735
0.008534742
0.096084446
-4.964977e-05
0.1132393
0.15275605
-0.03199857
-0.08616622
0.013055063
0.09876145
0.031024488
-0.056925658
-0.018859984
-0.10305272
0.020911135
0.1613119
-0.055112347
0.055797875
0.008458912
0.12095293
0.14146763
0.09405092
-0.014595451
0.010316963
0.12722999
0.10969072
0.09426318
-0.055837266
-0.045183856
-0.146878
-0.17686719
0.047115188
-0.11552337
-0.10255354
-0.052029394
0.056056432
0.0065562716
-0.086938694
-0.11700383
-0.18705644
-0.014808239
0.25834993
-0.0016519933
0.096933626
0.015102497
-0.021366585
-0.00926722
0.0036873913
-0.23660131
0.038894102
-0.19111136
-0.21927938
-0.0073285117
0.13436283
-0.18715999
0.07043282
-0.011735909
-0.019270325
-0.18631603
0.10814766
0.15173127
0.04862999
-0.018487573
-0.04188495
-0.07322878
0.14706635
-0.059412304
0.09522805
-0.19012512
-0.076856904
0.027964054
0.20795518
0.012126998
-0.0051245233
0.109741114
0.055155873
-0.07083394
-0.12938519
-0.16562429
0.035133146
0.012790943
-0.048158515
0.088948645
-0.1610568
-0.085946806
-0.121367425
-0.07374119
0.033679254
0.073736094
-0.10902615
0.10852158
0.058137115
0.026544003
0.07007917
0.0070402203
-0.032681167
0.069641024
-0.05934697
-0.09853731
-0.01279698
0.08631995
0.04395266
-0.035598002
0.11321608
-0.031807195
-0.06774597
-0.106319025
0.018814078
0.008539634
0.0038829485
-0.19833994
-0.09124064
0.06340175
-0.18755406
-0.106505156
-0.05331655
-0.20715287
-0.1893366
-0.017853865
-0.04025633
-0.11495335
0.05105742
-0.1520266
0.044286642
-0.10051946
0.077651545
-0.09876229
0.096496046
0.09862474
0.023988588
0.08237229
0.06308348
-0.05569853
0.045915097
-0.094755806
0.06988002
-0.12377253
0.0067981263
0.031387623
-0.012327054
0.065823406
0.10736434
-0.08002431
-0.20296744
-0.11354157
-0.0023934827
-0.11277428
0.05980291
0.0044487673
0.10707517
0.041385632
-0.07686026
0.099368416
-0.07715485
-0.088837706
0.009064227
-0.045672573
-0.08887159
0.15462443
-0.0041019036
0.032854907
0.10205975
-0.07839129
-0.011807154
-0.02882464
-0.060856216
-0.11270566
-0.0959461
-0.036985945
0.082335815
0.063442215
0.041085355
0.02809193
-0.024040163
0.06866676
0.05217571
0.04986539
0.013713656
-0.034652747
0.18195601
0.11662713
0.14853048
0.056924704
0.056171477
-0.11741095
-0.1388647
0.11666522
-0.03769416
-0.01746574
0.09733244
0.058121666
-0.08157761
0.12275599
-0.08419075
-0.013010885
-0.13122952
0.035549443
-0.103104584
0.020711757
0.06998597
0.018130757
-0.14809489
0.1232994
-0.11043395
-0.14757964
-0.0010527193
-0.13267201
0.14059116
0.08331638
-0.040226325
0.085990936
0.26329297
0.21735795
0.21816605
0.07385843
0.04488196
0.19764839
-0.07702903
-0.17367029
0.036336355
0.042606693
0.04922467
0.08408492
-0.18686256
0.038811944
-0.05951855
0.07410059
-0.05005021
-0.07266696
0.09795895
0.22662345
0.08765995
0.055622138
-0.009527859
-0.12937957
-0.105671555
-0.034060657
0.10078737
0.04107744
0.0019867586
0.22142394
0.0099539235
-0.11227501
-0.0009385671
-0.058192268
-0.01403748
0.087507255
0.018126078
0.11546732
-0.24329709
0.00043469408
-0.13989688
0.03825571
0.020612078
-0.03950917
-0.030533317
-0.10599227
-0.1291299
-0.20150603
0.035589833
-0.03955633
-0.05343646
0.15726957
0.1669597
0.022065053
0.06172164
0.1392112
0.02033842
-0.05390406
-0.072827935
-0.12749033
-0.17930439
0.047674585
-0.053573493
-0.10449224
-0.0504949
0.0350759
0.026513444
-0.02872572
0.111443624
0.04427077
-0.0062612123
-0.029814797
-0.018878069
0.048120905
0.09538733
-0.086341284
-0.055260636
-0.18554643
0.059322726
0.16320994
0.047904287
-0.010669922
-0.020310754
0.060367405
-0.04281487
0.14132404
0.15261142
0.04744145
-0.0036277105
-0.033557978
0.07151951
0.053564873
0.036306176
0.16498344
0.11035977
-0.19200535
0.009561499
-0.11981789
0.14045848
0.10891449
-0.008137215
-0.03419257
0.19057879
-0.13979094
-0.08507051
-0.09819924
0.050266508
-0.097423
0.21727599
0.09027491
0.02561674
-0.011539192
-0.06595834
-0.016557228
-0.12510799
0.09333659
-0.12957482
-0.08004346
0.13431257
0.07454456
-0.04758326
0.08408167
-0.052628405
0.2288511
0.03792896
-0.031712756
0.08246203
-0.032349553
-0.00077495136
0.14525254
0.12568553
-0.06171728
0.02634101
0.12310373
0.14524372
-0.0018420353
-0.16816741
-0.14033478
-0.20383994
0.023867536
-0.020606011
0.022251282
-0.035908073
-0.025510848
-0.12722541
-0.021960808
-0.06271593
-0.14646022
-0.02800872
-0.07813051
0.1709979
0.15185687
0.07573426
-0.07467347
0.015507872
-0.022539755
-0.09050428
-0.025207216
0.07201375
0.115645304
0.09909754
-0.0079147825
0.0939821
-0.06614672
-0.04701333
-0.065901995
0.0978704
0.18165283
-0.16626136
-0.16364004
-0.024040349
-0.1611252
-0.047941517
-0.1512672
-0.09404842
0.053491272
-0.13791089
0.12554666
0.2284507
-0.077183284
-0.13103656
0.02164548
0.022745203
0.12777218
-0.061490916
-0.07298118
0.025780436
0.1665841
-0.018902132
0.030667529
0.07509332
-0.07641097
0.009484978
0.09731787
-0.005104627
-0.00483963
0.11908167
-0.15424244
-0.106878094
-0.08392146
0.13296527
-0.0073974244
0.1700507
-0.0036394645
-0.10432728
-0.04212577
-0.1925702
-0.072348535
-0.068375036
-0.042297058
0.015190603
0.033267252
-0.090569295
0.07342927
-0.19585563
0.06247501
0.04836015
0.047829468
0.025196604
0.17553604
0.15661767
0.0068593845
0.119881265
-0.18525004
-0.06724193
0.14707564
-0.04371006
-0.057889186
0.034249064
0.089577824
-0.08145331
0.10503193
0.002279417
0.04801251
0.17839602
0.0017964166
0.061531257
-0.07716357
-0.021459078
0.072371654
0.04420221
-0.11615838
0.07484471
-0.028722586
0.041287463
0.027918378
0.07876626
-0.04885575
0.042706147
-0.05109732
0.08800641
0.10258509
-0.1291049
0.08807651
-0.21315251
-0.12136752
-0.12543604
-0.037054174
0.014869854
0.1415824
-0.10025078
0.11148025
-0.09274754
0.12760003
0.015638804
-0.11911569
0.05274728
0.007772859
0.032680944
-0.037467387
0.093974195
0.093286365
-0.05480297
0.022533739
-0.022576116
-0.018651847
-0.06203668
-0.031635754
0.05585767
0.005083236
0.13586429
-0.00660105
0.2738528
-0.0051950878
0.15669389
-0.056107055
0.07335809
0.069853455
-0.06075224
0.1546892
0.10826747
-0.14753798
-0.01273388
-0.019166028
-0.097659916
-0.11684415
-0.06735242
-0.017049944
-0.15366974
0.102964155
0.026356006
-0.08643027
-0.023082362
-0.0033148334
0.0090802
0.19241865
0.1808872
0.0973677
0.05459039
-0.154963
0.068025425
0.047173206
0.10848415
0.021984464
-0.012726529
0.1595004
-0.009289898
0.1399939
0.06264263
-0.14277686
-0.08707877
0.010175333
-0.06815452
-0.07467988
0.04472642
-0.013232979
0.08980621
-0.07044915
-0.078034595
-0.11101184
0.06228396
-0.024682667
0.09873604
0.0058429553
0.057250835
0.062203668
-0.055486556
-0.058160655
-0.06580867
-0.101038024
-0.034276333
0.06637521
0.09915802
-0.089908995
-0.03766975
0.0033131328
-0.04738294
0.17530507
-0.052468814
-0.14899416
-0.0052005937
-0.06646028
-0.1075922
0.019018738
-0.14498343
0.06798492
-0.04060682
-0.013167448
0.010235426
-0.058663808
-0.13128494
0.049307838
0.04241351
0.07668914
0.03987149
-0.002986671
0.15324117
-0.06947196
-0.037931476
0.1061127
0.031903423
0.07369075
0.23900127
0.05056562
0.05871863
-0.047145516
0.090124965
0.11242287
-0.16559334
-0.1076973
-0.18169878
-0.010447997
-0.13902692
0.008650137
-0.1743408
0.12559366
-0.20154525
-0.046320144
0.038289465
0.055428278
-0.21905218
0.103458606
-0.115591325
0.045107134
-0.0051316945
0.069187306
0.041295495
-0.10666509
0.12696414
-0.14510538
-0.011064193
-0.22808497
-0.16658288
0.011961741
-0.187683
0.22594689
-0.0032159977
-0.0069824136
0.05523347
-0.0896686
0.023507861
-0.1503682
-0.03884925
0.08634291
-0.016564475
0.12068641
-0.022929752
0.025929756
-0.10335043
-0.053123724
0.024975697
0.064387634
0.1382196
0.090099536
0.119621016
0.06501894
0.07334621
-0.00019074627
-0.12726457
0.033296566
-0.05416502
0.02691606
0.05083153
-0.040629067
-0.07580915
-0.08791073
-0.02235165
0.19327362
-0.04800605
0.097836874
-0.12990972
0.105848536
0.030396542
-0.03761836
-0.08223378
-0.12997606
-0.11824592
-0.14145808
0.052767504
-0.045608416
0.0721744
0.106422625
0.08243701
0.16301233
-0.0033392261
-0.027077671
0.07035992
-0.06381073
-0.07009652
-0.022558771
-0.0019261999
0.06692849
-0.101368204
-0.024768492
0.08900111
-0.08902565
0.08560289
-0.18228973
0.065609656
0.05634965
-0.036849186
-0.037454695
0.0020025657
-0.009057523
0.02754149
0.03876443
0.007743551
0.09546192
-0.138903
-0.009891876
0.16090132
0.085535936
0.02208419
0.10009076
-0.14791271
0.04304003
-0.0024265419
0.07802196
-0.00854582
-0.06394553
0.09742382
-0.038048096
-0.007612118
-0.02451527
0.18266556
0.005366317
-0.09634099
-0.04191688
0.14189443
0.05368858
0.2039341
-0.122296564
-0.0962903
0.015670689
-0.12641148
0.1107015
0.18354636
0.04291983
0.19254945
-0.049980443
-0.0011322384
0.17694414
-0.12178524
-0.06417437
0.23097552
-0.034947846
-0.0013860682
0.06429445
-0.045928262
-0.061530963
-0.09156556
0.014098092
-0.04664655
-0.080126576
-0.20425765
-0.011555814
-0.03626197
0.123556055
-0.039862566
-0.0087963315
-0.029280229
0.08126385
0.02116069
-0.23405534
-0.11542605
0.02625924
-0.04267115
0.02450375
0.064923786
0.12380527
0.1075489
0.117689125
-0.026036615
0.005419859
-0.22937967
-0.052461226
0.08963442
0.053621344
0.009436608
-0.00805659
0.038823135
0.12401931
0.010232938
0.071686335
0.049360763
-0.10909719
-0.054899406
0.012630734
0.007596092
0.10603204
0.14123744
0.035630707
-0.051242597
-0.16655943
0.039414156
-0.04520404
-0.07826719
0.0116191255
-0.03147261
0.07962873
-0.050305866
-0.16414489
-0.17449608
-0.11490196
-0.017745057
-0.09317094
-0.14837249
-0.07625234
-0.11122916
0.16502331
0.047128547
0.0030231709
0.036795087
0.002033632
-0.02953687
-0.065132536
0.04156327
-0.020934554
-0.08476643
-0.19388351
0.15123661
-0.08910468
-0.056965295
0.12834632
0.15916362
0.10090332
0.02800739
-0.2618847
0.12804683
-0.016056294
0.013326465
0.09037002
0.050648414
-0.07079694
-0.021760385
0.037359912
-0.0065509663
0.12096281
0.035289675
0.1400349
-0.06715254
0.0023995081
-0.07212061
0.022743326
0.20003851
0.13053751
-0.0015391798
-0.0059334985
-0.08430878
0.011247793
0.22131467
-0.08699558
-0.04243851
-0.05342442
0.07468539
0.08857713
0.1716111
-0.17168215
0.020153984
0.02961842
0.03447309
-0.103288665
-0.0637944
0.07130142
0.003419899
0.1435094
-0.005109743
0.050787088
-0.04510795
0.08373797
-0.1274436
-0.052600954
0.09804447
-0.13024354
-0.120684065
0.0059159272
-0.047254562
-0.15001926
0.08836873
-0.044666167
-0.025258133
-0.035225745
0.093373306
-0.02122809
0.16515176
0.097511865
-0.20288058
-0.13747393
0.20636243
0.09345318
-0.006914724
0.028473437
0.12792931
0.048183456
0.0767448
0.13924523
0.05057566
0.13557157
-0.07334017
-0.09200061
-0.030510137
-0.15083717
-0.023402102
-0.057277914
0.051350847
-0.04898203
0.16011176
-0.15732452
-0.053298116
-0.16011094
-0.10276255
-0.067712285
-0.08641963
0.039227407
0.037568502
-0.10761012
0.088256575
0.05550972
-0.14395887
0.103904605
0.11764791
-0.032876555
-0.004238956
-0.07291502
0.12199595
0.008960184
-0.13233437
-0.01840051
0.01062843
0.17657457
-0.0041002696
0.026162352
0.12593576
-0.008681703
-0.0963538
-0.09117847
-0.041800622
0.17117178
0.056708157
0.033031985
0.06999397
0.038130555
0.015725832
-0.020673705
-0.03318902
0.06650276
-0.039852228
-0.11280569
-0.0818662
0.11176162
-0.18549655
0.23520352
0.06102902
0.0737538
0.067216575
0.12185245
-0.08137545
0.11595044
-0.0689158
-0.065214545
0.17391893
0.14532815
0.15170318
0.027729273
0.020314937
0.07520151
0.0074580223
-0.050576735
-0.09413257
-0.1675397
0.11320309
-0.044591207
-0.11731711
-0.016635748
0.010705628
-0.045129903
-0.08255785
-0.015212515
0.033158273
-0.018872151
-0.18762892
-0.15888895
-0.040099416
-0.048531666
0.012569551
-0.05497526
-0.1977551
0.12991856
-0.0046215695
0.067323245
0.06572253
0.04862532
0.11720188
-0.03818157
0.0012364099
-0.10532997
-0.18780631
-0.008702221
0.06140359
0.12000914
-0.0020453425
0.14835948
0.041106597
-0.03999838
0.03248991
-0.0231046
-0.07525893
0.036067456
0.0679978
0.018137207
0.21798633
0.09907131
-0.015924713
0.08644601
0.06373841
-0.06932824
0.042361073
0.15448935
-0.20211948
0.049972076
-0.10108389
-0.01043287
0.0035087396
-0.0142703755
0.00926143
-0.024076616
-0.008784682
-0.16014001
-0.028440453
0.043759152
-0.1062674
0.011806061
-0.06802539
0.13536759
0.13514125
0.098776184
-0.14594017
0.013356567
-0.017306833
-0.060919326
-0.04220415
0.05050034
0.015694875
0.08444342
0.096244395
0.0021511004
-0.029880479
0.122804195
-0.1263154
0.059551995
-0.05699248
0.2219094
-0.031753983
0.035553236
-0.07654782
-0.06759639
0.051910117
-0.0483048
0.025400212
-0.03307059
-0.058765292
0.06503969
0.07799801
-0.03828852
0.05417908
0.20469029
0.057719544
-0.17642948
0.075508334
0.10661349
0.0026926363
0.015207884
-0.023095075
0.022049647
0.08890607
0.012083428
0.15201816
0.0103188455
0.06407504
-0.12382613
-0.07555811
-0.06839908
-0.12560236
0.09301725
0.17531553
-0.10589679
0.08608965
0.029734666
0.19333982
0.16184443
0.15811877
0.06656702
-0.086922556
-0.034876734
-0.070095524
0.026958836
-0.00056564424
-0.102647185
0.043469667
0.05689376
0.048288763
-0.1059211
0.04006361
0.010818338
0.027099216
-0.0011633179
0.06584024
-0.06086545
0.15294473
0.006958733
0.06540936
0.040326066
-0.037633505
0.029699763
0.14946124
0.12491541
-0.034784764
-0.10881641
-0.12851922
0.02487915
-0.05513089
-0.023086611
0.02994325
-0.120467186
-0.005212358
0.12594026
-0.027432006
0.051890045
-0.0490464
-0.22721148
-0.08031775
-0.075123936
-0.027742183
0.12474324
-0.0031175574
-0.12969607
0.08392734
0.010647586
0.048097674
-0.11096779
-0.04617923
0.120219715
-0.04902268
0.115147755
-0.010018109
-0.10819963
0.07252342
-0.10623816
-0.14644663
-0.082143955
0.19274186
-0.020212483
0.0071180915
-0.059680253
0.02672588
0.057070136
0.09174946
0.086652905
-0.11654524
-0.033979237
-0.06152227
0.030965166
0.06366742
0.013052086
-0.18079963
0.055844024
0.046835735
-0.12876737
-0.18230303
-0.16634558
-0.21691383
-0.08452648
0.01667656
-0.037162825
-0.09147874
-0.18419492
0.055621322
-0.050779965
0.044265497
-0.08753827
0.10468367
-0.12434231
0.09735335
0.07139365
0.04493147
-0.09164724
-0.17504583
0.011387278
-0.10515645
-0.1480872
-0.050293308
-0.048323292
-0.07809406
0.011065145
-0.1509241
0.01176341
0.022297947
-0.072282024
0.20354956
0.1643783
-0.0961121
-0.11502575
0.13008341
-0.0022388957
0.031455975
-0.100397214
0.07770812
-0.0018253982
-0.102042295
-0.120650694
-0.0692761
-0.05141255
-0.15827322
-0.013191534
-0.004228437
0.067439
0.042041555
-0.06663409
-0.01941149
-0.033538494
0.05811699
-0.023676498
-0.065710336
0.14105298
0.05155215
0.12095991
-0.16377237
-0.015539118
-0.019039096
0.12906012
0.17763771
0.06709104
0.018530196
-0.07315472
0.15540135
0.20382108
-0.116514154
0.054847177
0.0341883
0.014970353
0.06250517
0.036108933
-0.14097473
-0.013403809
-0.039263275
0.11746119
-0.061014693
-0.030753335
-0.018713463
0.011312214
0.002605319
-0.0615107
-0.16352104
0.07782002
0.01838642
0.034810368
-0.08549687
0.06941974
-0.15079367
0.07757833
-0.042043123
-0.07942884
0.07699012
0.14754422
0.09593032
0.05023445
-0.00809016
-0.1470327
0.02880914
-0.031106066
-0.15233147
0.013582467
-0.004779541
-0.042592824
-0.082361214
-0.07568613
-0.046066158
0.044467904
0.011054022
-0.09355451
-0.19652006
-0.059907794
-0.06410509
-0.16273442
-0.003947238
0.052963063
-0.0003345828
-0.11313585
-0.14112717
-0.032819103
-0.009520275
0.042630002
0.009785185
0.06547269
-0.13910651
-0.025596766
0.044469405
-0.063577436
-0.12308163
-0.07921364
0.08924908
-0.012641895
0.018279234
0.035207484
0.05619633
-0.051990096
0.060220793
-0.0038796037
0.17539297
0.017619327
0.07935874
-0.0010343932
0.042907417
-0.042562906
0.033082213
-0.0029286207
-0.050145023
-0.02175943
-0.0066485684
-0.12514085
-0.1223082
-0.14214943
0.20214291
-0.009551422
0.103558056
0.08932851
0.11710804
0.07437911
-0.120163694
-0.045691773
-0.09931767
0.14383602
-0.03255668
-0.01813873
0.032053445
-0.020988598
0.08891187
0.19541979
-0.23622128
0.06749147
-0.09246739
-0.051041413
0.14126223
-0.055420455
0.053484634
0.075364076
0.049307834
-0.071532406
-0.104241416
-0.1325618
0.13433902
0.08845222
-0.00865805
-0.014097153
0.053134207
0.11594487
0.06314843
0.064552605
-0.009419869
-0.028515836
0.09707189
0.15878199
0.11232404
0.114307255
-0.1095397
0.14249083
0.08252265
-0.075345226
0.081966184
-0.17241745
-0.21944192
-0.10995391
0.10808166
0.078742415
-0.15508005
-0.0036867284
-0.017227223
0.1139651
-0.007522897
0.14327225
0.09470951
0.15398026
-0.2537186
0.20717512
-0.062423468
0.22558227
0.22057441
0.0731556
-0.057895448
0.098516405
0.12770905
-0.0029719057
-0.12081374
-0.014595368
0.20587538
-0.17846581
-0.082531095
0.19133545
0.109450646
0.06726365
0.015597363
0.119816296
-0.04795144
0.09455404
0.018653337
0.08930554
-0.14701055
0.13566454
0.0035690449
0.11291312
0.02145471
-0.030939765
-0.07321986
0.082209595
0.07617245
0.12151408
0.012041209
0.015896704
-0.0034376634
-0.01824784
-0.04588582
-0.050459225
0.01465622
-0.07947025
-0.088602744
0.0014357222
0.058790527
0.092773296
0.05332461
0.12948625
-0.10588953
-0.07064363
0.12754892
0.048922107
-0.12847124
0.20660791
-0.09925417
0.1141944
-0.13829966
-0.086254284
0.12467668
-0.1543726
0.028816367
-0.09130719
0.1266315
0.12297498
0.044998933
-0.02413742
-0.0028349021
0.003512868
-0.16321285
-0.04807332
-0.13353507
-0.016803138
0.09854544
0.0749611
0.062456362
0.0466796
0.11780705
0.13426065
-8.2549304e-05
0.14251532
-0.0781379
-0.12092071
0.021582482
0.08971986
0.006438328
-0.031442303
0.07863643
0.07863341
-0.04680853
0.068563044
0.04066561
-0.08018625
-0.09529754
-0.014353447
0.017267074
0.04142381
0.11988291
-0.010638599
0.12054944
-0.2130957
0.0474256
0.006467942
0.006641511
0.13617699
-0.03614611
-0.014452112
0.10403204
0.048705403
-0.11071176
0.0551083
0.07559603
-0.1724214
-0.006806636
-0.0072111054
0.053524822
-0.05260951
0.022742674
-0.11939942
0.08421192
-0.14184819
0.036763232
0.1659529
0.020913284
0.120492786
-0.120333575
0.026151499
-0.02087309
-0.20295882
-0.015073521
0.17160898
0.05879882
0.109902896
0.09354481
0.0827448
0.07904766
-0.14761905
0.20933068
-0.013323214
-0.008305719
-0.030851863
0.13656631
-0.053959288
0.053459253
0.20061621
0.16222605
-0.037764188
-0.03476359
-0.058806892
-0.0058596693
0.1641909
0.10192345
-0.119090445
0.0190669
0.056534715
0.013923153
-0.26880774
-0.039053712
-0.0023875635
-0.07816869
0.1324704
0.037522815
0.17973632
-0.13063996
0.06812348
0.07865879
0.00813317
-0.1489101
0.1062532
0.033053115
-0.15572909
-0.021542465
0.14601676
-0.035282023
-0.008139399
-0.068858035
-0.04062833
-0.124818936
0.14888592
0.05400619
-0.10734161
0.15723257
-0.022508329
-0.12234754
0.11910276
-0.050447173
-0.085692
-0.07420479
-0.1473447
-0.07319415
0.13550748
0.1601178
0.10730423
0.042301573
-0.010508355
0.11939922
0.06044123
0.09081973
0.0012635129
-0.13360727
-0.2137304
-0.0046640686
-0.06995075
-0.054196626
-0.06903963
0.100543484
-0.22655882
0.067346536
-0.056021575
-0.059351884
-0.04617319
0.0036329473
-0.12972595
-0.1566274
-0.06256871
0.013289217
0.017223855
-0.072639465
0.05272388
0.20304163
0.2255313
-0.06976494
-0.058693863
0.13574378
-0.14931484
-0.017470418
0.04772902
0.039789215
0.048273206
0.021072838
0.204607
-0.030970506
-0.085078254
0.07236242
-0.15052715
-0.052417427
-0.010887199
-0.120200776
-0.15996896
0.19306195
-0.049354486
0.03960391
-0.049435552
-0.021216989
-0.10270386
0.09961993
-0.09842913
-0.13470688
0.21802966
0.07215683
-0.1665355
-0.10730548
-0.13975523
-0.13770089
-0.09068302
0.1296483
0.07662698
-0.04957893
0.073146455
0.021436462
-0.19511831
0.0759178
0.072611086
0.010981221
-0.024200263
-0.10274615
-0.05943714
0.050415915
0.013227041
0.008193726
-0.011813509
-0.06433628
-0.07464951
0.12217269
-0.03323291
0.06756895
-0.23847254
0.025009755
-0.105648234
0.0013430078
-0.13385029
-0.04644322
-0.022062257
0.06834189
0.036272064
-0.051012818
-0.1326794
0.065602444
-0.104555614
-0.0021882728
-0.054849003
0.0028765243
-0.08651609
-0.005172662
-0.048136886
-0.06946607
0.023992825
0.049528316
-0.0016112247
0.04625887
-0.030798959
-0.10902341
0.046423063
0.19751213
-0.13224696
0.014962995
-0.067216516
-0.076044396
-0.10188563
0.07620593
-0.070216656
-0.008693748
0.009083009
-0.016843613
0.06580487
-0.09789856
-0.06644351
0.1079612
0.0633155
-0.096802175
0.04452982
-0.09255796
0.014258697
-0.08688156
0.069943324
0.012138532
-0.14496702
0.010852468
-0.0041278023
0.02354109
-0.04593432
-0.10939857
0.03190569
0.05753135
0.1841828
-0.039088905
-1.5391925e-05
0.09828821
0.030418858
0.09846818
0.01660026
-0.09066711
0.18476142
-0.016599925
0.15877199
-0.115919724
0.030456943
-0.13023107
0.06653973
0.018636027
0.017453145
-0.13796164
-0.044752717
0.05749646
-0.0247257
0.011438844
0.024825487
0.090248145
0.22238491
0.04001333
-0.037205037
-0.033474695
0.09682961
0.053358443
0.23496756
-0.11585555
-0.017003462
-0.10583288
0.035042677
0.03592589
0.0347492
-0.1220107
-0.057386797
-0.022713346
0.10457836
-0.06266287
-0.1106939
0.023497513
0.00609438
0.07808238
-0.07601038
-0.092467956
0.099504925
0.05092914
0.05145419
0.11370788
0.037904557
0.00083787565
-0.07471909
0.04343594
0.07540605
0.025890013
0.016832627
0.16625895
0.16264845
0.046267405
0.060812384
-0.08631535
-0.037596945
0.04531453
-0.042174127
0.07040301
0.11005637
0.02044168
0.025135439
0.037062146
0.015993686
-0.11299471
-0.12740447
-0.032904193
-0.09342364
0.07875629
-0.18792449
0.1681864
0.015290076
-0.12832293
0.15621659
-0.021808716
-0.057647962
-0.13042329
-0.24214134
0.07368861
0.020386225
0.09622128
0.032604057
-0.14942975
0.0282441
-0.04718957
-0.0857153
-0.06307538
0.008108011
0.11919572
-0.17423193
0.07262612
-0.044474784
-0.09856949
0.029687624
0.13856713
-0.04013081
0.030417453
-0.08363931
0.030681878
-0.062291905
-0.12545913
0.10216756
0.012520725
0.08161301
-0.19469975
-0.08462803
0.009786289
-0.13835038
-0.036818337
-0.027914371
-0.14973833
0.013161188
-0.012631341
-0.06271408
0.042176977
0.21125002
0.05571059
-0.026890641
0.017694086
0.101507224
-0.03340132
0.11248816
-0.070630945
-0.055506006
0.05442308
0.11817416
0.098866224
-0.044102527
0.105544865
0.08130198
-0.15253483
0.05386347
0.032611497
-0.08317678
0.011064116
0.14780335
0.120242186
0.124852724
-0.13058393
-0.072893314
0.03326762
0.047217846
0.051882315
-0.21332854
0.026907273
-0.19865924
-0.01947151
-0.1153411
0.07184053
0.08506157
0.04719273
-0.07952387
-0.06810308
-0.007576323
-0.04245175
-0.027414137
0.1269962
-0.08103291
-0.072336175
0.072764926
-0.044560242
-0.028374288
0.02088301
-0.11074382
0.12766446
0.1567505
0.0129320435
0.055829845
-0.083165236
-0.15048279
-0.21895765
0.020142984
0.10724506
-0.07806088
-0.121586606
-0.063170396
-0.14899449
0.0039060537
0.1525468
0.108074136
-0.044015333
0.065897144
0.08734842
0.105806135
-0.022123918
0.029860957
-0.14352395
-0.05531959
0.11551067
0.16594028
0.046439257
0.13418692
0.06791406
0.12126056
0.05969668
-0.13638079
0.128628
-0.06134647
-0.0035939629
-0.048910942
-0.12205342
-0.0036223033
-0.09694869
0.049921535
0.006890453
0.03446198
0.077549286
-0.17903396
0.05922417
0.071108654
-0.022872707
-0.083430395
0.09703837
0.10641182
-0.02675489
0.01813172
0.006406871
0.032091558
-0.079273224
0.044681765
0.06713031
0.024292946
-0.041421015
0.018670533
-0.15634985
0.008461825
-0.016941842
-0.058667134
0.0035181595
-0.11975
-0.047274526
0.09669109
-0.035001047
0.008728441
0.011540727
0.09621809
-0.06640817
0.15253107
-0.055583607
0.10322121
-0.18389963
-0.05066119
-0.11200991
0.094780564
0.0362105
0.18777105
0.054146048
0.08915648
-0.20394379
0.13308184
-0.042681918
0.1214643
0.02775794
-0.1470875
-0.011186319
0.12391961
-0.08218252
0.07393524
-0.08287681
-0.02922508
0.12356265
-0.15673612
-0.09008426
-0.08522733
-0.055985592
-0.03881271
0.04937427
0.06075761
-0.054860156
-0.03979428
0.13009174
-0.19205089
0.024104958
0.09702742
-0.02346763
-0.04686544
-0.022775631
-0.11640862
-0.0584109
0.06689475
0.057451516
-0.0501211
0.05994286
-0.14285311
-0.010347972
-0.12241452
-0.118611455
-0.13460906
0.0263401
0.029405471
-0.018813092
-0.010448817
-0.011608842
-0.1533217
0.12613174
-0.060085807
-0.17760246
-0.012064303
-0.009669811
0.053391904
-0.04009758
0.07159122
-0.09649667
0.13615638
0.1185274
-0.18159515
0.21789281
-0.0058144224
-0.10660592
-0.10138617
0.10599118
-0.056501493
-0.00833859
0.17136088
0.20588097
-0.025699051
-0.14339027
0.19483508
0.14346053
0.17713843
-0.013687577
0.012802736
-0.06781921
0.12575607
-0.08479887
-0.024621772
0.04525784
0.057272315
-0.020742558
0.056686506
0.12192861
0.19481315
0.053994942
-0.037824996
0.11132238
0.14098352
0.09555036
0.15259664
0.009191845
0.123312786
-0.14360376
-0.020969564
-0.14819582
0.08009592
-0.011457082
0.21892896
0.009043828
-0.07353245
0.097359784
0.03364543
-0.0053734765
-0.08658521
-0.04768506
-0.008941533
-0.014817916
0.053936105
0.20508444
-0.027800184
0.026267355
0.022856172
0.060931075
-0.05509753
-0.112025075
0.008070943
-0.003154357
0.05060944
0.16397525
0.09739105
0.07293672
-0.20812383
-0.11800295
-0.04296241
0.07071881
-0.03248617
0.021558098
0.11305302
0.15646635
0.00012520877
-0.044855352
-0.026416099
-0.015126799
0.16146828
-0.17230473
-0.0378996
0.1896295
0.057023894
0.1102463
0.043017127
0.031673577
0.060866844
0.10662738
0.042985592
0.058447845
-0.20211902
-0.15465534
0.11921956
0.08198983
-0.028647177
-0.021903643
-0.054184612
0.041550566
-0.028576516
-0.0859672
-0.045907136
-0.0067155086
-0.15256892
0.048726603
0.07666095
-0.06739792
-0.106281556
0.012940038
-0.069311365
-0.093860604
0.038669832
-0.15779485
0.070144676
-0.015090352
-0.10840954
0.10068261
-0.09465651
-0.055667758
-0.016774712
-0.08278948
-0.0072595268
-0.11764513
-0.022279566
-0.05945624
-0.18894975
-0.16806915
-0.036344163
0.12699373
0.06551871
0.07184534
-0.13715704
-0.1317934
0.026171755
0.06893485
0.035515547
-0.010383168
0.01819416
-0.08626696
-0.14825697
0.1615381
-0.1352953
0.008180126
-0.11850318
0.03889027
0.01744029
0.064083025
0.019673536
0.00026912114
-0.011003698
0.05931764
-0.06534321
0.03460206
-0.009041608
0.12867327
0.050317015
0.02586396
-0.031090096
0.040464647
-0.10436906
0.14437489
0.0032881135
0.103978924
-0.0063883704
-0.06705315
0.03397195
-0.1633317
-0.0017471691
-0.0002440069
-0.04695545
0.06642506
-0.09683587
-0.05161983
-0.15131103
0.06398358
-0.10817242
-0.027528081
-0.056670036
-0.02660793
0.026867883
-0.12698957
0.031478774
0.12181145
0.03401855
-0.045426425
0.1099606
-0.049722835
0.109449945
0.09026171
-0.1381334
-0.07622754
0.1504745
-0.14437842
0.121977195
-0.00078318594
-0.015014665
-0.10852364
0.14392431
0.11225333
0.012433233
-0.008737227
0.20780574
-0.10338114
-0.076827906
-0.056438446
0.14929143
-0.045061003
0.123332426
0.011812304
0.12856326
0.015992265
-0.0688979
-0.16651928
-0.07845307
0.042879347
0.078437604
0.014334555
0.14350016
0.033407077
0.004478797
0.10696137
-0.024259526
0.009946304
0.09100579
-0.076301455
0.12069432
0.07465761
-0.0066650147
0.0812436
0.055440083
0.016235776
0.08679396
-0.12042853
-0.0767853
0.17526853
0.11389171
0.17370899
0.08276061
-0.16752014
-0.05572534
0.1783558
0.053981297
-0.11928068
-0.07338527
0.009892324
-0.1134871
-0.029278332
-0.047369972
0.069621235
0.08688124
0.06335977
0.102500156
-0.2665599
-0.08730179
0.01356189
0.045569066
0.036394026
0.21413009
0.16049805
0.002758962
-0.07595117
0.060362596
0.05519026
0.009769035
0.020286314
0.044130504
0.026707727
0.07113448
0.09005402
-0.15545022
-0.15316379
0.05579725
-0.090322405
0.1255501
-0.14333953
-0.082917154
0.019059367
-0.0814197
-0.12405921
-0.06427809
-0.09951926
0.030390648
-0.19847834
-0.11440257
-0.06860961
0.2080775
-0.17914364
-0.15436833
0.10861015
-0.022873528
-0.064068355
0.021905921
-0.12339882
0.07131996
0.13021944
-0.070701376
-0.123327136
0.06515581
0.019052789
0.028472293
-0.11895621
-0.19773564
0.05765409
0.1464922
-0.059067123
-0.021773469
0.04768855
0.053782772
-0.05529469
0.062456984
0.14654075
-0.058767673
-0.022351954
0.030610899
-0.19817646
-0.066473626
0.07041859
-0.20272206
-0.09481662
-0.039957993
-0.03283191
0.08477407
0.1358728
0.15445635
0.09236161
0.01644612
-0.08360302
-0.065309696
-0.20865151
-0.06737764
0.12694247
0.02060711
0.11453661
-0.018662669
-0.081365615
0.051984765
0.079070695
-0.045277294
-0.09576152
0.03323741
0.08656212
-0.17861614
0.09983743
-0.12127402
0.035594292
0.16098501
0.1588585
-0.00419857
-0.0798165
0.035726022
0.13593078
0.16415136
0.0078449715
-0.0535845
-0.09254597
-0.049784802
0.054387443
-0.06945938
-0.030789543
-0.10446232
-0.044402413
-0.07158671
-0.14663994
0.07994571
-0.11844776
-0.13159655
-0.0384497
0.11076251
0.10817375
-7.8954174e-05
0.100777775
0.1537301
-0.14205056
-0.13526744
0.1524944
0.2241373
0.052895248
-0.11699536
0.055965003
0.028400172
-0.063889526
0.09160439
0.15632093
0.08154636
-0.12348353
0.05500873
0.12314401
-0.04666372
-0.049761828
0.09574505
-0.076248355
-0.025326218
0.018557
0.066701315
-0.03598429
0.050505083
-0.06640454
0.023025883
0.04224778
0.18319297
0.101315126
-0.18299723
0.0035845751
0.010532755
-0.1119801
0.051371112
0.14034687
0.15683277
0.1154636
0.085637994
0.15438694
0.07416501
-0.016816773
-0.06697461
0.074887455
-0.009445072
-0.07892567
-0.038177703
-0.11585403
0.18786722
0.047480498
0.15859003
-0.069332875
0.12348872
-0.12134157
-0.18635388
0.012426291
0.03206769
0.05702425
0.08471823
0.18298823
0.0815524
0.113149926
-0.04826149
-0.113222815
-0.06848769
0.0021955438
-0.0043730172
0.09908649
-0.031665426
0.0991264
0.076546736
0.20266593
-0.015543462
-0.16123256
0.01692213
-0.011155611
0.15054554
-0.1920358
-0.027154658
0.13077627
-0.06444768
0.04303339
-0.029908575
0.113554694
-0.051974718
0.17555013
0.18900098
0.063785434
0.12117366
-0.09162394
0.033614885
0.011059031
0.048533734
0.0671829
0.025240136
-0.037119605
-0.15142283
0.042766284
-0.074985825
0.08196987
0.022529915
0.07596345
-0.06958953
0.033670053
0.12989005
0.08052029
0.0740729
-0.15874381
0.02271424
0.061439108
-0.1241077
0.0501833
0.0306439
0.088004574
0.045313723
-0.07954307
0.017335376
0.17222966
0.013161966
0.047261015
0.03178455
-0.12655476
-0.0051937113
0.02129985
-0.099941924
-0.24395393
-0.046353936
0.10832734
0.040562313
0.015213998
0.17120728
0.025396094
-0.0090845805
0.02232196
0.016080853
0.014735324
-0.110220544
-0.07743879
-0.055790894
-0.04042934
-0.050291535
-0.119103126
0.0068928185
-0.0386623
0.12025744
0.1629313
0.044973258
0.033340745
-0.060513824
0.17445739
-0.06199029
-0.0919377
-0.094584584
-0.06425201
-0.026822906
-0.04805812
0.06464032
-0.12517723
-0.009594059
-0.13611765
0.07115257
-0.10102689
-0.012986319
0.02351766
0.19774236
0.057961807
-0.17821565
-0.049665067
-0.015098064
0.06596526
-0.073375866
0.08536566
0.08999635
-0.11347888
0.15583894
0.032496933
0.023374487
-0.040526032
-0.07416022
0.21104416
0.056802
0.2067868
0.040447954
-0.101161644
-0.015489262
-0.017452547
-0.03063076
0.0847694
-0.104385115
0.017429521
0.11212252
0.007816128
-0.124634705
-0.07191114
0.036432095
0.039680928
-0.06975988
0.09396256
-0.09505693
-0.08667258
-0.108977824
-0.0032705176
-0.049488127
0.08276809
0.05826518
-0.08526318
-0.098788776
-0.11818266
-0.018067626
0.079606466
0.049427714
-0.010067542
-0.012036008
-0.15890867
-0.027333895
0.052641336
0.11447033
0.042160753
0.14364408
0.01721804
0.010828339
0.01099973
0.005912573
0.025341853
-0.047446474
0.054478113
-0.017965507
0.03988389
-0.14481944
0.069860004
-0.14830211
-0.0127211185
-0.04698537
-0.16814367
-0.069238655
0.13712315
0.010046385
0.004055733
0.045526728
-0.064027414
0.10397526
0.08025172
0.07676455
-0.021201191
-0.033671405
-0.056468736
-0.009832336
0.15398015
0.034054514
0.00029684164
0.02504992
0.006164369
-0.03386651
0.027814792
0.14100939
0.13094544
0.17133543
-0.10231817
0.08237836
0.0037648275
0.03769781
0.0061256588
-0.042418484
-0.017164469
-0.18999481
0.112225555
-0.03593756
0.15746187
0.08338316
0.021135777
0.12545192
0.06463251
-0.049316064
0.008360109
-0.00961268
-0.021308023
-0.16591041
0.0019514996
-0.12172228
0.08602424
-0.1312491
0.04440802
-0.19610824
0.14632885
0.04026058
0.09111054
0.10069307
-0.0011939368
-0.18366598
0.0735722
0.103613816
0.009073937
0.06724124
-0.040839303
0.14507475
0.046068624
-0.087878495
-0.0486831
-0.06401409
0.025452022
-0.00062612764
0.07276925
-0.1747571
-0.16503122
0.060553886
0.06519544
0.015221616
0.051943626
-0.06195446
-0.17692855
-0.059777893
0.13224377
0.03175556
-0.083576284
0.07198425
-0.045269366
-0.08110333
-0.029117187
-0.15853052
0.13017836
0.04991388
0.12991785
-0.0075134393
-0.057356626
-0.14176562
-0.123339556
-0.021277169
-0.08670916
0.1155112
0.0015796211
0.10824459
-0.081080936
-0.11647152
-0.059947018
-0.15478021
-0.09188729
-0.020519381
0.019520385
0.008414082
-0.20493758
-0.042237774
-0.08390703
-0.01003221
0.032437988
-0.04137335
-0.16417047
0.013257846
0.15869494
0.14007147
-0.18713152
0.044052605
-0.07124796
-0.13922192
0.15234558
0.24390605
0.06839515
0.15833995
-0.07773825
-0.055646054
-0.009073705
0.12361293
0.14744389
-0.14827481
0.020686004
-0.029965963
-0.07923529
-0.01628069
-0.107308045
0.09733348
3.3166405e-05
-0.0650228
-0.024771627
0.015766086
0.0047709825
0.056670524
-0.058078505
-0.14158507
0.055482734
0.2051203
-0.1100358
-0.036473837
0.01362146
0.050209552
-0.006785343
0.10962516
0.010729006
0.11331079
-0.006386218
0.04895047
0.030209301
-0.16552833
-0.023084989
-0.010034186
0.053687185
-0.018095948
-0.027707854
-0.089838035
-0.08336524
0.03164169
0.039918963
-0.009398821
-0.23230931
0.01403636
0.12198589
0.12893178
-0.046853766
0.0067110714
-0.058425486
-0.16487953
0.059402823
-0.00610288
0.16708522
-0.07703588
0.087594844
-0.15170324
0.022433186
0.119247094
0.0449066
0.27009675
-0.1518338
0.18400976
0.0074762204
-0.15174545
0.087532505
0.010601048
0.13244762
-0.09900165
-0.09520069
0.03665545
0.05144855
-0.14537565
0.053728424
0.07383624
-0.04960665
0.06732515
0.04058089
-0.030257417
0.02704344
-0.076347455
0.07737125
-0.12208458
0.021947017
-0.10392279
0.117610805
-0.16546711
0.04814914
0.039442208
0.103844725
-0.014032326
0.16313684
-0.06965393
0.083009094
-0.13855478
-0.05752297
-0.08319121
0.097889036
0.058844298
-0.07525764
0.092538744
-0.07476406
-0.0655811
-0.06489665
0.07625052
0.036240853
0.017922444
-0.16489288
-0.0034009654
0.037926108
0.0665286
0.104111075
0.06407934
0.010704042
-0.13683449
0.07677529
0.14842305
0.07323514
0.17855413
-0.16332585
0.089705646
0.049757138
0.1438384
-0.05110912
-0.08899298
-0.026118658
-0.13522962
0.015008421
-0.0067785536
-0.13060656
0.1415221
0.17235087
-0.010511248
0.13988897
0.23093584
0.012048136
0.03265183
-0.11869079
0.03900998
0.11833904
0.039248914
-0.012739238
0.021290584
-0.029471574
0.030347222
0.13854301
-0.104475595
-0.084348515
-0.004512092
-0.05075372
-0.10756896
-0.15938768
-0.082944304
0.04053351
-0.038756926
0.02673996
-0.15354523
0.025188264
-0.09719646
0.033985812
0.06816087
0.15690015
-0.09579841
0.08552623
0.08815399
-0.14450814
0.08765064
0.009691418
0.007341842
0.093979
-0.100172564
0.017456649
0.13238506
0.089249775
0.023464052
0.09332727
0.120316505
-0.20640613
-0.021662371
0.0264224
-0.14910994
0.123623304
0.0050260057
-0.034265246
0.15648954
-0.02939724
0.07839574
-0.04557355
0.13275324
-0.033674076
-0.05589855
0.1213704
-0.20937036
0.042019412
-0.04146125
0.084306724
-0.07543947
0.010722152
0.049117617
-0.14725201
0.16969416
-0.1664575
0.13582197
0.042386163
0.106946476
-9.471587e-07
0.2065722
0.19046754
0.11147651
-0.0790681
-0.0060914233
-0.06263302
-0.07402505
-0.045172725
0.0025112797
-0.10878577
0.18085021
-0.12451532
0.005037019
-0.030002933
0.023231212
-0.09696817
-0.0003487056
-0.0633988
-0.21449041
-0.09363381
0.059545036
0.076012686
-0.06387381
-0.108747706
-0.05020338
-0.18182293
0.0010343349
0.10079283
0.07742225
0.07059083
0.071585484
0.14201698
0.05016994
-0.08781849
0.04811604
-0.02737875
0.0042970804
-0.02916148
0.063202195
0.0025653301
0.11043185
-0.084241405
0.04954942
0.043206282
0.11982953
0.17822939
0.18697193
-0.028216744
0.15775463
0.07248292
-0.034532942
-0.08110264
0.14915764
0.1565866
-0.069804095
0.10907026
0.102702476
0.21776004
-0.00424083
0.09992269
0.13108686
0.042713948
-0.08902505
-0.121938005
0.06293362
0.0056336117
0.032538213
-0.002619108
-0.043811318
0.028866628
0.0008933396
0.04461482
-0.050033424
0.19781335
-0.020695573
0.11409102
-0.09409323
0.18029475
0.026220035
0.020507257
0.1339657
-0.07956569
-0.0680319
0.040217206
-0.006111683
-0.11570103
-0.14860393
-0.044598
0.048034497
-0.08366495
0.060851164
0.018195411
-0.013891565
-0.06846164
0.043874815
-0.060368128
0.027459372
0.020375667
-0.0034079445
0.07167765
-0.016885195
0.1274149
0.022990808
-0.033658367
-0.22491261
-0.060741503
0.1828191
0.031091131
0.18058436
0.13614678
0.27074227
0.03784873
0.16240588
-0.050739355
-0.089248285
-0.11178487
0.0021961662
-0.0063561457
-0.047386672
0.120760135
-0.08562395
-0.13119103
-0.059987567
-0.10329499
0.020768281
-0.06258173
-0.029178547
-0.008886783
0.21304041
0.0065568695
0.060111783
-0.08684509
-0.16410245
0.0971426
0.1361063
-0.14604093
0.11587762
0.15125416
0.03197146
-0.053007394
-0.003497979
0.110957205
-0.013196177
-0.19983874
0.0041614478
0.08526467
-0.0113910185
-0.041942734
0.08123763
-0.14855927
-0.13550133
0.06981128
0.057808444
-0.093678534
-0.0025330794
-0.15600032
-0.20302458
0.08045472
0.005969788
-0.018325407
0.08078218
0.03130982
0.013365669
-0.026811454
0.022854356
0.03238007
-0.2607372
-0.109313145
0.0069952062
0.09286254
-0.16338953
-0.10000558
-0.09864879
-0.008574794
-0.08785665
0.042187016
-0.15601325
0.07727876
-0.11124368
0.039145768
-0.043103863
0.10760266
0.19219488
0.10414134
-0.04173668
0.0022116874
-0.014051348
-0.15037188
0.099636346
-0.1396372
0.12424516
0.0031552482
0.04796774
-0.14970937
-0.12420291
0.0015353466
-0.04029173
0.19450496
-0.062486347
0.092762746
-0.07951399
0.025747841
0.018022677
0.09937689
-0.16864465
0.10283939
-0.13889919
0.042798195
0.10317684
-0.031040471
-0.053658977
0.07202337
0.0042817653
0.16821563
0.066409945
-0.06890843
0.073545426
0.09766186
-0.040852677
-0.06389924
0.0679152
0.041110735
-0.04806837
0.087283514
-0.035997327
-0.09608395
0.077905536
0.030334994
-0.06864514
-0.025025774
0.120922215
0.022825021
0.12817366
-0.07336272
-0.09431824
0.15475063
-0.24117093
-0.038314685
0.036397785
-0.089605816
0.012748591
0.021026783
-0.047090206
0.021208504
-0.10919112
0.009129064
-0.006260834
-0.20251952
-0.15838833
0.15975067
0.1425016
-0.100033514
-0.016393222
0.066287525
-0.024608297
-0.08994349
-0.014132152
-0.09903856
-0.07969686
0.012959201
0.13416569
0.07705566
-0.05388446
0.0511186
-0.01267233
-0.073582694
-0.10609793
0.020423852
-0.10546262
0.029287234
-0.049803987
-0.007513334
-0.14963922
-0.0036677832
0.00074386323
0.13414529
-0.021499172
0.021794058
-0.08137208
-0.05643619
0.0018582582
-0.0009194939
-0.13344008
0.02979878
-0.18423468
-0.14061688
-0.06629229
0.015289328
0.029330177
0.08870988
-0.059254684
-0.0039137756
-0.0777963
-0.0019107133
0.068654686
0.03717259
0.02591395
0.086699225
0.09389702
-0.055740517
-0.07182131
-0.008794461
0.086154275
-0.16120088
0.06971732
-0.010002838
0.033171233
-0.0535539
0.011106906
0.20323098
-0.0601223
0.05324893
-0.064073056
-0.22090392
0.14227033
0.014858799
0.049887817
0.014421167
-0.096627496
-0.08084428
-0.08182908
0.1378251
-0.0334558
0.092864335
-0.033804424
0.102312736
0.043295786
-0.21793005
-0.021862255
0.119392864
0.017997598
0.1069204
0.06838838
-0.08831945
0.17261547
-0.19755712
0.110680066
-0.15132694
0.098256074
-0.05383614
0.050507754
0.117405124
0.08890186
-0.10976682
0.043669887
-0.108772576
0.15673605
0.1396002
0.090804964
-0.09296089
-0.14918144
0.075607
-0.06485389
0.16295646
-0.014729837
0.07795882
-0.19574712
0.2326289
0.038386375
-0.012956158
-0.10836297
0.07684654
-0.064041875
0.13426496
-0.0021424596
0.17603427
-0.08742161
-0.16945986
0.1005942
0.020528272
-0.048640206
-0.18984179
0.1416119
-0.20629165
-0.21476054
-0.09833491
-0.122761264
0.1658997
-0.08190455
-0.029221185
0.12316522
0.04528054
-0.14202209
-0.012993764
0.081957184
-0.09301324
0.093371384
0.14129113
0.016141927
-0.07921322
-0.09589075
0.02200055
0.0066629844
0.015604222
-0.14275315
0.024700908
-0.15727668
0.20913254
-0.011717313
0.016404299
0.06061741
0.043508794
-0.12065746
0.059478693
0.17813158
0.0413759
-0.03517961
-0.18156229
-0.1922542
0.12063134
0.10761387
0.080009975
0.11864024
0.052054144
-0.002974756
-0.034777917
0.07712736
-0.109476365
0.07808518
-0.018712979
0.087874755
0.15071696
0.04337858
-0.112744436
0.0113749625
-0.09166404
0.1471679
0.042159915
-0.037546113
-0.10563401
-0.0056982427
-0.044429258
0.04873351
0.058745444
-0.15082046
-0.10937998
-0.035726234
-0.06299854
0.037188977
0.0062409868
0.2204562
0.047473677
0.032248713
-0.093265824
-0.07632609
-0.024767345
0.1677728
-0.0075050765
-0.02964556
-0.065055914
-0.050595254
-0.051433146
0.01586159
0.05998406
-0.19454896
0.03813978
0.16299933
-0.2658735
-0.16516656
-0.113969
-0.19477902
0.034825783
-0.1660936
-0.04858205
-0.12002953
-0.035727337
0.10696738
0.071362324
0.09896607
-0.15010613
0.19889149
-0.037312992
0.028734384
-0.009814216
-0.057138972
-0.016114613
0.024542682
0.092241846
0.10329096
0.13597235
-0.072861165
0.06765144
0.04940604
-0.02893952
-0.15333743
0.042119287
0.07736486
0.0726095
0.054500036
0.12912618
0.07055348
0.13717645
0.1658348
0.15597914
-0.049216673
0.11641652
-0.12374205
0.011076544
-7.799818e-05
0.016437333
0.120333426
-0.020307435
-0.015164195
0.09094513
-0.048765384
-0.1527165
0.16960181
0.08909873
0.18504669
0.07495471
-0.02768281
0.13118123
-0.07461835
-0.05078109
-0.06534625
0.09278676
-0.20104273
0.124149665
0.0586201
0.034078844
-0.0030215736
0.09091661
0.14666058
-0.15432133
0.06191613
-0.054982673
0.049600832
-0.12629312
-0.06955806
0.05791393
0.008188859
0.077704065
0.10614595
0.12597793
0.052318193
-0.12621143
-0.22737955
-0.0038246575
0.024758786
0.056475412
-0.0064747343
0.09223088
-0.079892345
0.059884317
0.14989498
0.11011759
0.072763205
-0.10505172
-0.03265985
0.11918568
0.16786776
-0.119324915
0.10246758
-0.022854688
-0.081622
0.044367038
-0.070008926
-0.066335104
0.070150144
-0.113714315
-0.034347612
-0.061943676
-0.07893116
0.02582567
0.023551565
0.12571308
-0.11069961
0.10225172
0.044940423
0.16629356
-0.019195529
0.011513979
0.050855666
0.031619653
0.047225524
0.043115288
-0.07209142
-0.10481728
0.054874312
-0.14239445
0.06896378
-0.06666705
-0.120224155
0.09038923
0.06683267
-0.14072956
-0.16230708
0.06466321
0.111896165
0.2091655
0.05838671
-0.004047064
0.12977673
0.15755829
-0.013480135
0.010068618
-0.101392776
-0.01805345
0.003248669
-0.0312628
0.03330772
-0.13136816
0.029021442
-0.080524825
0.1336672
0.038971648
0.013505033
0.09756716
0.01258759
-0.026763456
0.0045379256
0.034670547
-0.046477944
0.052310284
0.11223825
-0.2016625
0.072506905
0.10638617
0.11548153
0.13511716
0.109251976
-0.03775304
0.10645774
0.07979799
-0.0061210073
0.043733764
-0.052043077
0.15946646
0.0053208694
-0.17097315
-0.09853253
0.11845753
0.023771973
-0.08857037
-0.09966928
0.033753067
-0.14581098
-0.059093997
-0.124852516
0.04954277
0.017895972
0.09619732
0.087296635
0.083072945
-0.081032045
-0.081403494
0.016620845
-0.1614482
-0.07583137
-0.07588445
0.015482923
0.008849312
0.118796706
0.08024413
-0.028864471
-0.10934357
-0.092072725
-0.058761757
0.07262232
-0.09930615
-0.111733384
-0.13173173
0.18529136
-0.033765003
0.22476165
0.14458655
-0.0064342828
-0.0146524655
0.1167544
-0.011932635
-0.010407519
-0.032886025
-0.003203206
0.07295676
-0.020181969
-0.10905061
0.0401828
-0.066292904
-0.18783446
-0.11729459
0.039354
-0.11859432
-0.09272848
-0.04632122
0.053817723
0.034776714
-0.02379148
-0.0651304
-0.072203726
0.014016257
0.021565152
0.0830136
0.033729345
0.17215759
0.1596132
0.07908194
0.14096004
-0.029211018
-0.16554143
0.12690514
-0.03571646
-0.039305072
0.042910494
-0.1306902
-0.17591473
-0.20680436
-0.071892634
0.042646624
-0.07958871
-0.07679827
-0.2018808
-0.0034762141
0.038870387
-0.0065225754
0.0073726405
0.0067693875
-0.09039225
0.15748762
-0.013141969
-0.06808334
-0.020098692
-0.105212495
-0.252492
-0.06330564
0.08101386
-0.0074459855
-0.011012208
-0.096972585
-0.005707421
0.14397778
-0.043387175
-0.09044629
-0.07272898
-0.059365205
0.12649879
0.10088779
-0.020035934
-0.09332188
-0.1208867
0.16540952
0.0014337334
-0.13668586
-0.017922318
-0.06024618
-0.15365574
0.045058466
-0.07914252
0.04307502
-0.01262743
0.053410385
0.019153433
-0.08814623
0.050235003
0.054913286
-0.19043396
-0.01763006
-0.057425514
0.20392561
0.044681028
0.04616743
-0.029020164
0.095934294
0.16570722
0.022393677
0.15967052
-0.03619243
-0.18518606
-0.1917292
-0.07843792
-0.015388125
0.047448
0.14272873
-0.02871087
0.003550263
-0.15626283
-0.024991017
0.12243408
0.05214553
-0.013305175
0.095929176
-0.2419963
0.05737264
0.0023420844
0.024860363
-0.058019426
-0.0586802
-0.04243208
-0.07427362
-0.055054277
0.15875055
0.1343463
-0.02866733
0.02992508
-0.13102382
-0.066090755
0.011260768
0.038880777
-0.028868746
-0.057963055
-0.024703015
-0.074421555
0.15402032
0.12863308
-0.14564541
0.017251607
-0.016334726
-0.033988465
0.034106508
-0.05226925
0.030742776
0.0386332
0.17515899
0.099829026
-0.11655785
-0.08463034
0.07475128
0.06962359
-0.06964554
0.1452164
0.03521245
-0.031172257
0.13899398
-0.0070241694
0.024926705
-0.02280587
-0.0069129323
0.14856124
-0.00083646935
-0.061000496
-0.14567754
0.08472741
-0.13026828
0.07028388
0.008675163
-0.078188084
0.058992036
-0.05611759
0.19131282
-0.15916911
-0.006975408
-0.1544765
0.089860894
0.07943063
0.2089739
0.045023013
0.17540227
0.046867475
-0.124610454
0.08332403
0.04002654
0.14095157
-0.044051412
0.1659061
-0.17590623
-0.015050437
-0.012649897
0.021582775
-0.029360719
-0.12316425
0.15981968
0.0045747748
0.034234706
-0.18578717
0.05229983
-0.06005217
0.09147384
0.1036071
0.029252378
0.1448817
0.024524638
-0.0009219205
-0.15615492
-0.07940442
-0.076097384
0.055150375
0.12444812
0.16275322
0.16247867
0.16750136
0.042801846
0.08695614
-0.1064629
0.045791782
0.059568025
-0.008739336
0.05013997
-0.11389171
-0.14526576
-0.014748587
0.10212747
-0.09516335
0.044373993
0.045323364
0.052122306
-0.1406102
-0.100708164
-0.056664854
0.03195063
-0.21563904
0.11437416
0.1291592
-0.02330468
0.06715791
-0.044236016
-0.055982742
-0.116992116
-0.09963208
0.0249464
-0.052084222
-0.019020468
0.08101765
-0.0502511
-0.07574582
-0.030627962
-0.076442204
0.114713654
0.13440911
0.1335904
0.034036294
0.1071381
0.045887943
-0.23686166
-0.036487304
-0.11294645
-0.12627086
-0.00682827
0.045696836
0.002142748
0.021478672
0.110160895
0.025161762
0.19874181
0.03964595
0.046613373
0.1490874
-0.2506547
0.083305076
0.14668302
-0.09527568
-0.081504986
-0.034524977
-0.095124006
0.004584318
-0.18707487
-0.1385535
0.084099956
-0.098267555
-0.037914716
-0.0025306968
-0.06278953
-0.05723868
0.14667474
0.033274453
-0.17248306
-0.007890144
0.023522988
-0.06625698
0.007364441
0.116197385
-0.0082685035
0.05062328
-0.03836801
-0.12636043
-0.12020173
0.043956652
-0.0600466
0.04065408
-0.01825489
0.19601092
-0.04301324
-0.051534608
-0.12387907
-0.05359131
-0.005591045
-0.087354966
-0.08313159
-0.052135877
-0.054930232
-0.14582217
0.024482742
0.18372372
-0.19383246
0.101807356
-0.02760123
0.18901184
-0.023181554
0.015446977
0.11488535
-0.036887694
0.2132703
0.05945606
-0.05011531
0.07591569
-0.099831246
0.047641948
0.19004375
-0.10806852
-0.048917223
0.041215457
-0.09928748
0.1560688
0.02891782
-0.07281999
-0.0882506
-0.0017096457
0.16739264
-0.15864502
-0.15497614
0.036056057
0.19787453
-0.023736829
-0.048195854
0.0065821894
-0.10209344
0.04587363
0.21810044
0.03293349
-0.05142148
0.0454143
-0.0917944
0.01861061
-0.1753108
-0.015643923
0.10156624
0.041043863
0.023406306
0.069630735
0.06863652
-0.083045244
0.0069613103
0.001941445
-0.014207137
-0.059544962
0.0026993859
0.0018534858
0.012449871
0.08390604
0.06772707
-0.09594598
-0.23463498
-0.08194811
0.09361859
0.17214198
0.09694973
0.1251927
-0.1506481
0.09826279
-0.06755033
-0.18362178
0.015193801
0.025052395
0.0055719707
-0.046752658
0.08582649
0.028100524
0.04161765
0.115382314
0.15374318
0.1877134
-0.01577185
0.050165292
0.04869398
-0.013221966
-0.13460054
-0.18265188
0.08786741
-0.011257167
0.07582934
-0.012784954
-0.14208809
0.05313699
-0.15246627
0.11678127
-0.025063798
0.090346366
-0.1985286
-0.1144191
-0.093153134
0.010544781
-0.106648624
0.101859465
-0.11186555
-0.054971404
-0.03794662
-0.045558624
-0.1793902
-0.08747748
-0.079473995
0.03849466
-0.13096404
0.06541866
-0.079285644
0.010376539
-0.0149552785
-0.105949506
-0.010340273
-0.034477368
-0.124272384
-0.13459378
-0.0062996293
-0.2215716
0.09270691
0.011369526
-0.0719703
-0.07575489
-0.1040751
-0.051737178
0.097942784
-0.11106229
0.09706401
-0.06626589
