-0.021691492
0.07169711
0.16147734
0.06274985
-0.05339423
0.063604236
0.12945291
-0.020916194
-0.124474704
-0.117100395
0.12552808
0.07415313
0.18358345
0.2640693
0.17510438
0.034570556
-0.15578012
0.30272424
0.09607406
-0.15804559
-0.023540948
-0.14919846
-0.08423957
0.1029323
-0.011044174
-0.17486538
0.117328495
0.17627826
0.20478435
0.35758358
-0.038935997
0.15154777
-0.10749921
0.10649084
0.18642467
-0.037976272
-0.14462516
-0.20878537
-0.13363759
0.20615359
-0.06490922
-0.054820914
0.31429356
0.28332475
0.11027111
0.15141852
-0.026423048
-0.101200774
0.20367815
0.07126987
-0.076189145
-0.12218914
0.027833179
-0.1281081
0.09818765
0.1878275
0.023757214
-0.109307714
0.090847746
-0.07607943
0.0647502
0.191364
0.22868752
-0.22861063
0.1093721
0.24866718
-0.064337425
-0.14242645
-0.13245189
-0.069380686
0.046793837
0.08203189
0.15250605
-0.08896801
0.06066995
-0.07122377
0.10407083
0.0956883
0.2410588
-0.1743433
0.1698287
0.18437919
-0.09189738
0.0054180766
-0.14001699
0.011794346
-0.15652218
0.27228147
0.22470482
0.06923208
0.27633497
-0.16256988
0.18516408
0.14879188
0.14123155
-0.17463534
0.09247648
-0.030921323
-0.21903725
-0.21331474
-0.133479
-0.072026744
0.15453997
0.32534447
0.22106183
-0.13445774
0.1934404
-0.08656955
-0.19775867
0.05743287
0.25909203
-0.00023345575
0.10577126
0.14739835
-0.08892022
-0.06272044
-0.19476154
-0.18583308
0.20424217
0.35738477
0.20002113
0.10922578
0.19986163
-0.19689892
-0.07032743
-0.011671079
0.19338748
-0.0569894
0.099641696
0.1764604
-0.09260016
0.19898677
0.17153135
-0.07232376
-0.025001038
0.24237059
0.32763913
-0.0970381
0.089026935
-0.041083604
-0.003747792
0.01955343
0.10950377
-0.043069955
