-0.013722689
-0.00531487
0.08789866
0.025572143
-0.20483637
-0.050729953
0.16476472
-0.03353949
-0.10432421
-0.07885777
-0.03153752
-0.15743953
0.070822194
0.05235221
0.06524459
-0.13554886
0.16310534
0.054962423
-0.12913388
-0.061390128
0.12508291
-0.23137861
-0.11920599
0.03755983
0.052609153
-0.08177977
-0.054868396
0.09123966
-0.07863749
0.06206413
-0.109047174
-0.17853527
-0.00943966
-0.06762378
0.09476967
0.06810544
0.18521784
-0.055505034
-0.011097959
0.19049224
0.04611314
-0.061212778
-0.05069612
0.05007337
-0.0022104688
-0.033061523
-0.026316436
-0.06932418
0.02669507
0.069889426
-0.24921213
-0.017274885
-0.06483252
-0.118435346
0.03948399
0.086381674
0.12421062
-0.034972258
-0.042985108
-0.10748652
-0.11937959
0.022368476
0.05075913
-0.075553
-0.09044345
0.0071735354
-0.08836785
0.05811632
0.08343665
-0.10971235
0.1293849
-0.12571436
0.17955361
0.16016677
-0.09035949
0.12274023
-0.18391031
-0.13822004
-0.01845407
0.16109067
0.0758687
-0.0308825
0.09000742
0.07361922
-0.13329686
-0.19145773
-0.18545206
0.11335835
0.048604943
-0.072314724
0.13024794
-0.023851758
0.073136486
-0.17898035
0.0054317415
0.0021841445
0.090095855
-0.15795124
0.106235795
0.025940735
0.039114755
0.023635402
-0.030204436
0.034264714
-0.0026557164
0.04502312
0.08478777
0.035204798
0.04057613
-0.08913408
0.08519376
-0.2635882
0.021253778
-0.04670778
0.061994076
0.041075602
0.08351037
-0.066199325
0.0033077975
-0.09494605
0.114057675
-0.0669408
-0.07855375
-0.016260613
0.09866817
-0.1908839
-0.00452386
0.124230534
0.01532154
0.09890646
-0.11731697
0.0044362135
-0.0036619285
0.18718137
-0.1847387
0.14664918
0.037937287
-0.16783403
-0.17536615
-0.21985574
-0.04176722
-0.089119844
0.100633755
-0.034312792
0.1414911
0.033028953
0.15868653
0.014878619
-0.035965197
-0.03679361
-0.0034279157
-0.27122498
-0.1547757
-0.10936109
-0.014436662
-0.22838567
-0.11646892
0.074116796
0.07712237
0.03464256
0.0024220906
-0.022384146
0.08449925
-0.067580424
-0.004715815
0.081749
0.049379606
-0.096962415
0.09379866
0.106405586
-0.058951654
0.11661324
-0.095799215
0.21934687
-0.24563715
0.011936762
-0.10954269
0.17472887
-0.041524906
0.012440251
-0.13495882
0.055086408
0.07897263
-0.0016161456
0.06698177
-0.23371351
-0.11253505
0.093435265
0.029563706
0.12966673
0.03348984
-0.156522
-0.093246534
-0.12682731
0.042711034
0.031299964
0.04289431
0.026164588
0.010831542
0.063119136
0.032252457
0.09803211
0.09147433
0.09937293
-0.06356149
0.047244206
0.056570556
-0.15475284
0.06727472
-0.09120095
0.09043509
-0.1428908
-0.025171371
-0.14395061
-0.09717242
-0.06758678
0.13074073
0.10917164
-0.06568291
0.04166974
0.104626834
-0.09606675
-0.037379675
0.118890226
0.06830247
-0.17190875
-0.08842083
0.089999415
-0.10186559
0.17392735
0.094506696
-0.101712614
0.12256965
-0.012369133
0.0008028638
0.21850133
-0.1550827
0.005180188
-0.19489984
-0.062481884
-0.0137826875
0.013398221
0.008163625
-0.019138565
-0.27670908
0.008114952
-0.20599471
0.08424561
-0.21237014
-0.0661718
-0.045240384
0.109926194
0.078131616
0.12783122
-0.17078407
0.114991024
0.062383052
-0.1436824
-0.030820044
-0.02612115
0.07318861
0.08721415
-0.057343353
-0.14457001
-0.08029442
0.093260944
-0.117467456
0.056208972
0.023026083
0.122811265
-0.010262208
-0.17905627
0.074606255
-0.046345618
0.115278855
0.007780672
0.081218354
-0.18966235
0.0863467
0.106479965
-0.0925449
0.08369286
-0.1468754
-0.0063941847
-0.056320097
0.045941032
-0.111840375
0.102062285
0.069385685
0.061859958
0.11451099
-0.2313883
0.043380685
-0.13041824
0.051875953
0.10028974
0.04247861
-0.0651211
-0.15210795
0.15728964
-0.18798217
-0.18079838
0.06950409
0.11838954
0.014592307
-0.026180865
-0.14849055
0.14425983
-0.021877283
-0.17402075
0.10043086
-0.23297814
-0.04669271
0.051491544
-0.041020025
-0.077880606
0.003766846
0.032551125
0.061075453
-0.021558635
0.06267265
0.016817473
0.14340124
0.102136254
0.0025636763
-0.015509412
0.05218215
-0.12235899
0.14982928
-0.17095274
-0.0032268523
-0.0151313115
-0.052229557
0.021541458
0.19939804
-0.15930344
-0.09616805
-0.14375716
-0.111602336
0.10933713
-0.16746403
-0.0747499
0.08450951
-0.036092225
-0.06942437
-0.03236892
0.013579576
-0.08916579
0.02919999
0.02876565
0.0444263
-0.19313455
-0.041602988
-0.059547294
-0.135961
0.084428586
-0.053839885
0.01185874
0.03195356
0.00842789
0.05708578
0.09374474
-0.08585176
0.111878976
0.14102192
0.11317947
0.025102453
0.014605845
-0.2457095
-0.08455894
0.081024066
-0.10011166
0.11603493
-0.0075710714
-0.09797565
-0.19618073
0.08198315
0.07411015
-0.05765068
-0.065401085
-0.007988137
-0.23322572
0.07127285
0.10589755
0.07206319
-0.030431168
-0.044612635
0.07544301
-0.17519106
0.08343842
-0.13345258
0.07172139
0.046824016
0.057468694
0.010106491
0.023354637
0.042591453
-0.049954038
0.10159844
0.14290531
0.1757315
-0.1998184
-0.11905834
-0.17635664
-0.04989769
0.08957062
0.12082212
0.029828837
0.008159231
-0.07854575
-0.09298696
-0.09790041
0.124159865
0.05202177
-0.08722162
-0.18530706
-0.103293285
0.08077675
-0.09649199
0.0029159288
-0.026643323
0.1913253
-0.119804844
-0.05484674
0.05211876
-0.031837255
0.12288582
-0.05036989
0.09345353
0.17346354
-0.20811382
0.14262076
0.123122014
0.07964124
-0.07345444
-0.21927385
-0.06521783
-0.034027748
-0.05723007
0.024361214
0.04788005
-0.10769044
-0.17112781
0.05696016
-0.08962532
0.11743226
0.038150933
0.07577172
0.008123656
0.11235268
-0.054283094
0.1886981
0.1650261
-0.07559826
0.012017053
-0.12800434
-0.12545414
0.16256098
-0.030582368
0.07476119
-0.039751146
0.08514952
0.11748357
-0.009765496
0.17875195
-0.04940139
0.10164304
-0.05604081
0.09460043
0.1176303
0.1921755
-0.024561172
-0.13696808
0.15044779
0.018285386
-0.15281962
0.005658543
-0.016658593
-0.076532416
0.08610871
0.19019358
0.15407033
-0.16028284
-0.01005649
-0.048406467
-0.013400484
-0.06807308
0.12783484
0.11803751
0.00014857863
-0.124824956
0.012002692
0.05113747
-0.13812394
0.15804604
0.09923898
-0.034066994
-0.014267544
-0.0027795075
0.13708246
-0.13797477
-0.1875927
-0.018740943
-0.19281028
-0.08221827
-0.05555249
-0.071628176
-0.23357996
0.088149756
0.07323256
-0.09213162
0.04227433
-0.01418554
-0.05654169
-0.16906106
0.25600877
0.118506916
0.17459242
-0.0667695
-0.1575212
-0.0054971683
0.08137581
0.048464246
-0.010898799
-0.08626032
-0.11803492
0.08836826
-0.024239058
0.14623441
-0.11844436
-0.104357526
0.069941714
-0.066599384
-0.14751703
0.1127049
-0.004701698
0.0968458
-0.19991289
0.15912317
-0.0043191905
-0.25939718
0.085083775
0.048049755
0.08527295
-0.023437526
0.025882853
-0.10382043
-0.070505574
0.08453006
-0.003998626
-0.026964273
-0.029790068
-0.06021647
0.06739419
0.021262389
0.029913321
0.12933916
0.018953802
-0.05260937
0.041105136
0.21416992
-0.18085578
-0.06922465
-0.11187425
-0.016743334
-0.009232531
0.11607103
0.10652612
0.03143449
-0.20869319
-0.13201015
-0.19242412
-0.21011578
0.14225404
-0.17293492
0.15558821
-0.04733016
0.119167514
0.15131931
0.111223206
0.06714671
0.10699931
0.18072207
-0.04044839
0.010256861
0.08983502
0.05130947
-0.06277489
-0.1368285
-0.016451275
-0.13169219
-0.06810926
-0.063528605
-0.053240426
-0.019997874
0.023758752
-0.027350608
-0.12089825
-0.030536143
0.152159
-0.20966847
-0.104111485
0.16548628
0.09018702
0.038552247
-0.090752974
-0.19166818
0.13523479
0.024791371
-0.062935576
0.10253646
-0.14459395
0.18401685
-0.03325121
-0.04137103
0.00031277194
-0.022871373
0.2000531
0.068913385
0.15719125
-0.07000485
-0.089402966
-0.009534701
0.033856083
-0.16970864
0.0221065
0.018281171
-0.24280973
-0.0035487604
-0.034040533
-0.17148563
-0.1295995
0.08282019
-0.013553858
0.02591121
0.08310621
0.07499816
-0.20762269
0.12385029
-0.1507984
0.0729124
-0.02454471
-0.08085821
0.044280473
-0.081789896
-0.021650694
0.05206395
0.014814552
0.114583865
0.0112297395
0.031192763
-0.15283602
-0.16986902
0.11095502
0.0841678
-0.113381274
-0.0030913039
0.1482838
-0.11621843
-0.04743422
0.11972701
-0.1358843
-0.09765939
0.06172721
-0.16505264
-0.025971066
0.14330101
0.17778715
-0.019076442
-0.07288629
-0.11267223
-0.010800098
0.025198763
-0.039090764
0.1341292
0.027530724
-0.020907711
0.030690659
0.05588576
0.05674177
-0.06249177
0.2117615
0.023675019
-0.048290778
-0.07539552
-0.019700482
0.11177667
0.045186125
0.19325459
-0.11262241
0.10119868
0.12399797
0.118411586
-0.123426
-0.2618341
0.014185353
-0.15256941
0.12847097
-0.1929509
-0.097948745
-0.12956895
0.0010015601
-0.081295036
-0.10368369
-0.010450539
0.121114336
-0.12132619
-0.09788522
0.017828986
0.0367447
0.024968727
-0.11899093
-0.11273982
-0.005656013
-0.12342342
-0.14831392
0.10608365
-0.03783741
0.05208819
-0.035720937
0.07122064
-0.099891484
-0.08297843
-0.04320732
-0.13073646
0.016934298
0.13025087
-0.14721371
-0.040624104
-0.16161494
-0.13350435
-0.008486116
-0.009190383
-0.14029257
-0.001621146
0.102789156
0.0861183
-0.04408435
0.13236226
0.13956411
-0.19037783
-0.22785662
-0.063316286
0.14555101
0.05510396
0.021038352
-0.1647457
0.06343432
0.12618957
0.10340311
-0.14897211
0.18718559
0.0037957353
0.13995925
0.006237952
-0.091227025
0.0056135585
-0.0044650175
0.13998078
-0.20602694
-0.09302266
0.006927569
-0.029477574
-0.005544507
0.12473996
0.089798205
-0.26471886
0.11840987
-0.12450771
0.09937039
-0.03665278
0.0902013
-0.06154487
0.16908556
0.13882558
0.16671102
-0.048209578
0.14980614
0.014015768
0.1671814
-0.082101926
-0.1804598
-0.11342315
-0.021661293
-0.09919463
0.044213206
-0.18454921
-0.2593879
0.03710511
0.08706371
-0.22550003
0.14858305
-0.084828444
-0.046764597
0.20716031
-0.1139168
0.06555468
0.11817316
-0.1604587
0.121483415
0.035229597
-0.0026636922
0.12993704
-0.15265323
-0.06358457
-0.027228612
-0.04433155
0.14585993
-0.20338768
-0.020087328
-0.0029399912
-0.022708675
-0.09688045
-0.005965154
0.15611844
-0.1384452
0.0058846264
0.12905088
-0.051405806
0.093712896
0.08094061
0.06106009
0.112630345
0.0470384
0.11956234
-0.10072347
-0.1901872
-0.10472077
-0.047835723
0.08281431
-0.1348658
0.080925755
-0.11957417
0.015776128
0.016744116
-0.035891768
-0.12596717
0.07552873
-0.23560911
0.032485675
-0.22656153
0.15348797
0.00857946
-0.011278464
-0.095068276
0.13990909
0.033440284
-0.116506435
-0.051677905
-0.11502507
0.14363426
-0.04311954
0.07345646
0.109259434
-0.0029241121
-0.05361953
0.057239003
-0.03867624
-0.0014812073
-0.015329976
0.03881363
-0.10484642
-0.17895533
-0.12272562
0.18145666
0.0024070872
0.12699921
0.039093073
-0.002752968
-0.15342288
-0.009804403
-0.11752932
0.0029569855
0.16493188
-0.11495227
0.1003626
-0.17269407
0.005389272
-0.11825419
-0.040433556
-0.063033275
0.038633607
0.09765997
0.11856323
0.063095726
-0.072813794
-0.019733582
-0.042872276
0.10176161
-0.24205136
0.10930614
-0.027561402
-0.06549612
0.04570491
-0.024723256
-0.00018632562
-0.117403254
-0.21284395
0.10785455
-0.22853923
-0.019730324
0.13188021
0.03516062
0.033825826
0.02392586
-0.08316378
0.031580444
0.0065630944
0.059394695
-0.14440058
0.13000438
-0.1342257
-0.029880762
-0.045561224
0.2125315
0.043162767
-0.018273449
-0.106233574
-0.13653778
-0.17589687
0.02162619
-0.10831047
0.05092129
-0.2090079
-0.059832547
0.05070522
0.10239484
-0.21469872
0.028674932
-0.12099228
0.036499955
0.069829375
0.081366874
0.11849474
-0.05591837
0.013512731
-0.18701011
-0.011205028
0.065391764
0.03488299
-0.07618145
0.044492483
-0.07937734
0.12514268
0.056835882
-0.0020197122
-0.19038862
0.08522675
-0.16425489
0.12691349
0.017987372
-0.12908724
-0.043102454
0.025725063
0.071786426
-0.0011692542
-0.079854496
-0.15503582
0.0110256
-0.050114285
0.037398897
0.094316214
-0.10937346
-0.21390843
0.087457485
0.026612554
-0.08111487
-0.0048349365
0.060169563
-0.15777451
-0.13314475
-0.11376744
0.1135341
-0.061271776
0.117463455
-0.23460154
0.0145737585
0.092411876
-0.050157834
0.030393286
-0.18085018
-0.02366684
-0.2739932
-0.11972053
0.12221768
0.018039243
0.014398857
-0.022435749
0.09011765
0.09034878
0.11114349
0.20930763
-0.045997553
-0.05424963
0.0037636664
0.099888854
0.03160142
-0.13764974
-0.063447416
-0.08102885
-0.2578254
-0.1476734
-0.19088814
-0.07014813
-0.021547172
-0.025060933
-0.31078503
0.07819921
0.014284333
0.03449677
0.11568516
-0.14185803
-0.023722697
0.07206555
-0.28680652
0.06400125
-0.04116879
-0.00402411
0.09619289
0.020686673
0.093652755
0.13212192
-0.18015403
0.12078352
0.0031166603
-0.01832674
-0.11785044
-0.22373402
-0.07641358
-0.02669039
0.030424612
-0.162941
0.07183405
0.0067034834
-0.17685011
0.06142958
-0.088794224
-0.110915534
0.09673604
0.19536135
-0.12286781
-0.1381116
0.28691256
0.016925331
0.05647875
-0.08718507
0.19439095
0.0016007151
-0.058712795
-0.026862593
-0.02101819
0.13444161
-0.087710775
-0.17354715
0.08283821
0.0020990055
0.08596958
-0.09728867
-0.1689036
0.08623869
0.17677741
-0.055485632
0.18819685
-0.049014933
-0.0117082475
-0.04942601
-0.0522166
0.1324567
-0.09920995
-0.07724052
-0.026168598
0.12372469
0.09766782
0.11966379
0.10117603
-0.0874631
-0.294188
-0.056442846
0.066783436
0.13085574
0.11407982
0.07755986
-0.0664941
0.10342966
0.03924679
-0.20489375
0.021859454
0.02024219
-0.14662361
-0.12794888
-0.1643008
0.06382521
0.0026086054
-0.15445541
0.06884511
-0.163863
0.031709358
0.097582094
0.07156637
0.03488947
-0.11140325
0.013532322
-0.08650222
0.1473179
-0.006659161
0.008530653
-0.11425183
0.16504744
-0.028575206
0.10959136
-0.09403652
-0.036132276
0.11854721
0.06547516
-0.12442616
-0.059820365
-0.023328723
-0.14705789
-0.0380625
-0.056799542
0.08778164
-0.11614364
0.029883334
-0.066617504
0.123325504
0.12563418
0.010306474
-0.1805996
0.030446112
0.011952418
-0.086625986
0.03679406
0.083303
0.032382704
0.0023139769
-0.08926508
0.074212484
-0.016562821
0.08743938
-0.13161384
-0.2386998
-0.15456443
-0.0974922
-0.18110186
0.17346859
0.099261984
0.017819708
-0.18122643
-0.041590296
-0.13546771
0.14372088
-0.019341873
0.067468
-0.017084258
0.04642921
0.13540316
0.12259515
-0.15750033
-0.06715219
-0.07328127
-0.1936295
0.11413677
-0.15642583
-0.08326375
-0.1843927
-0.006795102
-0.060825862
0.18931334
0.06170213
0.03704417
0.08518209
0.019494338
-0.053171325
0.03619638
0.0029410273
-0.07842973
0.05562186
-0.160408
-0.15264614
-0.1785895
0.01594688
-0.03647248
-0.05373293
-0.11586966
-0.020639509
0.005747089
-0.12824628
0.13257682
0.0033345215
-0.08215169
0.1518219
0.2119153
-0.15395446
-0.12843715
0.049348995
-0.074047305
0.17461178
0.15518922
-0.014822989
-0.03631241
-0.17276572
0.06442991
0.049437445
-0.1488325
-0.17619163
-0.039765343
0.011530504
-0.22438878
0.03388089
-0.06592082
-0.05582537
0.15931804
0.037330583
-0.1689938
0.00042409686
-0.18485007
0.13386996
-0.19564396
-0.064544186
-0.23455852
0.019098725
0.04511324
0.054901328
0.085652605
-0.08060681
0.06405049
-0.210133
0.038562037
0.059888147
0.042094987
0.1318166
-0.1332253
0.13013436
0.016910791
-0.024563381
0.12216568
0.13173056
-0.18688822
-0.028544147
-0.033188283
0.04428574
-0.06504661
-0.019965053
0.007005594
0.055520073
0.14443628
0.14711528
0.057346255
0.1040914
0.07372879
-0.073809825
0.05123717
0.0554342
0.03446791
-0.07288361
-0.041817956
-0.0076998426
-0.16817346
-0.09411158
0.07370689
-0.091367245
-0.040016774
-0.0801756
0.108887516
-0.09031347
0.13317105
-0.03764329
-0.154322
0.072627984
-0.055193506
-0.017369729
0.15453726
0.11280449
0.045315217
0.06622503
0.0073765866
-0.019953178
0.13578916
0.11453793
-0.26994392
