0.10058862
0.096764356
0.097314075
0.1053648
0.09721849
0.10289236
0.09657256
0.09648071
0.094480574
0.10674027
0.1
0.100476034
0.097864985
0.09841672
0.09997664
0.102134116
0.09695305
0.099125415
0.10606149
0.10231029
0.09448571
0.10132286
0.09684374
0.094551824
0.09686654
0.10079598
0.10866614
0.10260741
0.09729267
0.09782799
0.09151928
0.09892866
0.09795334
0.1022619
0.095548525
0.109173894
0.096440054
0.09488366
0.097426206
0.096840635
0.101083584
0.10472524
0.09581104
0.0996708
0.10043535
0.09718895
0.102205396
0.091729484
0.10174009
0.10218956
0.103875265
0.10014549
0.10455438
0.1011504
0.101321705
0.096129805
0.09987719
0.09902135
0.105617836
0.09509181
0.097606406
0.09994426
0.09184608
0.10285041
0.09528187
0.097878166
0.10221566
0.1
0.100763
0.09934212
0.104022086
0.09644874
0.104641765
0.1
0.0965494
0.10038309
0.109039105
0.10472826
0.095077045
0.10319811
0.095465824
0.09740968
0.09646292
0.10412064
0.10222016
0.09548535
0.092616625
0.09592807
0.10186387
0.108724035
0.1
0.10028183
0.10196642
0.097253405
0.096315
0.096935295
0.102244996
0.10104643
0.100665994
0.10379817
0.10250218
0.09967544
0.09897573
0.09957253
0.09988437
0.099592134
0.101960704
0.102757424
0.09919894
0.10353128
0.09587894
0.08515279
0.09825576
0.1
0.099155106
0.10122399
0.102794945
0.10589509
0.09842404
0.0994136
0.10668845
0.105745785
0.09748469
0.10155102
0.094988674
0.10050185
0.0931519
0.10197057
